{
    "svgwidth": 388,
    "svgheight": 235,
    "unit": 42.22264996802254,
    "x0": 639.2936647397407,
    "y0": 413.0169884073989,
    "x0rel": -44.706335260259266,
    "y0rel": 14.016988407398912,
    "glyph": "0337,0341,0333,0341,0336,0331,0332,0330,0332,0366,0333,0333,0335,0335,0367,0335,0335,0331,0333,",
    "table": []
}